======================================
     TRAFFIC LIGHT CONTROLLER
======================================
Time    Reset   Red     Yellow  Green
--------------------------------------
10      1       1       0       0
20      0       0       0       1
30      0       0       1       0
40      0       1       0       0
50      0       0       0       1
60      0       0       1       0
70      0       1       0       0
======================================
       SIMULATION COMPLETED
======================================